T2 8 3.1 0 1 50 0 0 0 0  1 0 
T2 8 3.1 0 1 50 0 0 0 0  1 0 
T2 8 3.1 0 1 50 0 0 0 0  1 0 
T2 8 3.1 0 1 50 0 0 0 0  1 0 
T2 8 3.1 0 1 50 0 0 0 0  1 0 
T2 8 3.1 0 1 50 0 0 0 0  1 0 
T2 8 3.1 0 1 50 0 0 0 0  1 0 
T2 8 3.1 0 1 50 0 0 0 0  1 0 
T2 8 3.1 0 1 50 0 0 0 0  1 0 
T2 8 3.1 0 1 50 0 0 0 0  1 0 
T2 8 3.1 0 1 50 0 0 0 0  1 0 
T2 8 3.1 0 1 50 0 0 0 0  1 0 
T2 8 3.1 0 1 50 0 0 0 0  1 0 
T2 8 3.1 0 1 50 0 0 0 0  1 0 
T2 8 3.1 0 1 50 0 0 0 0  1 0 
T2 8 3.1 0 1 50 0 0 0 0  1 0 
T2 8 3.1 0 1 50 0 0 0 0  1 0 
T2 8 3.1 0 1 50 0 0 0 0  1 0 
T2 8 3.1 0 1 50 0 0 0 0  1 0 
T2 8 3.1 0 1 50 0 0 0 0  1 0 
T2 8 3.1 0 1 50 0 0 0 0  1 0 
T2 8 3.1 0 1 50 0 0 0 0  1 0 
T2 8 3.1 0 1 50 0 0 0 0  1 0 
T2 8 3.1 0 1 50 0 0 0 0  1 0 
T2 8 3.1 0 1 50 0 0 0 0  1 0 
T2 8 3.1 0 1 50 0 0 0 0  1 0 
T2 8 3.1 0 1 50 0 0 0 0  1 0 
T2 8 3.1 0 1 50 0 0 0 0  1 0 
T2 8 3.1 0 1 50 0 0 0 0  1 0 
T2 8 3.1 0 1 50 0 0 0 0  1 0 
T2 8 3.1 0 1 50 0 0 0 0  1 0 
T2 8 3.1 0 1 50 0 0 0 0  1 0 
T2 8 3.1 0 1 50 0 0 0 0  1 0 
T2 8 3.1 0 1 50 0 0 0 0  1 0 
