T1 3 6 0 1 100 0 0 0 0  1 0 
T1 3 6 0 1 100 0 0 0 0  1 0 
T1 3 6 0 1 100 0 0 0 0  1 0 
T1 3 6 0 1 100 0 0 0 0  1 0 
T1 3 6 0 1 100 0 0 0 0  1 0 
T1 3 6 0 1 100 0 0 0 0  1 0 
T1 3 6 0 1 100 0 0 0 0  1 0 
T1 3 6 0 1 100 0 0 0 0  1 0 
T1 3 6 0 1 100 0 0 0 0  1 0 
T1 3 6 0 1 100 0 0 0 0  1 0 
T1 3 6 0 1 100 0 0 0 0  1 0 
T1 3 6 0 1 100 0 0 0 0  1 0 
T1 3 6 0 1 100 0 0 0 0  1 0 
T1 3 6 0 1 100 0 0 0 0  1 0 
T1 3 6 0 1 100 0 0 0 0  1 0 
T1 3 6 0 1 100 0 0 0 0  1 0 
T1 3 6 0 1 100 0 0 0 0  1 0 
T1 3 6 0 1 100 0 0 0 0  1 0 
T1 3 6 0 1 100 0 0 0 0  1 0 
T1 3 6 0 1 100 0 0 0 0  1 0 
T1 3 6 0 1 100 0 0 0 0  1 0 
T1 3 6 0 1 100 0 0 0 0  1 0 
T1 3 6 0 1 100 0 0 0 0  1 0 
T1 3 6 0 1 100 0 0 0 0  1 0 
T1 3 6 0 1 100 0 0 0 0  1 0 
T1 3 6 0 1 100 0 0 0 0  1 0 
T1 3 6 0 1 100 0 0 0 0  1 0 
T1 3 6 0 1 100 0 0 0 0  1 0 
T1 3 6 0 1 100 0 0 0 0  1 0 
T1 3 6 0 1 100 0 0 0 0  1 0 
T1 3 6 0 1 100 0 0 0 0  1 0 
T1 3 6 0 1 100 0 0 0 0  1 0 
T1 3 6 0 1 100 0 0 0 0  1 0 
T1 3 6 0 1 100 0 0 0 0  1 0 
